30
166 110 68 113 120 178 25 187 62 145 55 89 188 199 6 90 156 76 6 1 74 70 198 42 148 13 115 177 79 
135 61 46 46 81 111 166 60 136 105 74 34 160 163 174 159 121 17 67 197 23 68 24 46 18 66 194 184 
133 123 63 69 185 61 67 66 124 33 126 61 90 0 47 50 115 21 9 37 38 76 186 14 96 10 60 
115 29 54 51 114 178 114 183 115 128 2 181 52 187 108 65 77 60 112 127 128 86 88 117 76 164 
55 90 13 66 150 80 47 157 131 161 87 45 97 2 173 99 135 26 87 195 91 116 8 156 196 
136 42 84 53 118 49 60 161 14 126 63 94 125 20 25 87 59 22 136 13 196 35 149 174 
74 144 17 143 152 125 139 40 119 23 45 38 24 106 151 38 184 14 132 110 187 109 149 
46 132 85 12 80 72 113 6 99 9 175 194 114 101 133 154 20 156 152 10 133 10 
161 171 194 128 56 56 115 165 157 113 49 42 77 129 67 190 135 118 0 111 112 
66 164 45 172 136 153 124 99 38 134 12 10 81 140 18 137 7 135 95 121 
185 89 150 66 108 141 2 178 93 65 90 159 181 87 131 117 193 8 168 
31 142 181 193 175 121 163 65 129 99 160 2 36 1 152 102 62 45 
56 40 138 73 83 49 6 122 133 124 115 141 44 99 35 25 44 
11 99 8 76 28 59 188 182 95 141 86 149 3 84 6 196 
22 31 31 24 38 153 157 114 21 50 158 72 85 184 116 
48 83 124 76 63 135 64 197 30 158 35 132 113 119 
90 109 94 121 140 118 159 46 27 25 19 77 184 
91 162 120 7 163 155 84 39 170 19 104 167 
50 14 154 134 127 74 24 37 168 145 129 
86 57 127 113 82 146 190 18 37 104 
90 45 67 45 129 107 15 148 163 
134 150 177 89 84 104 115 108 
93 83 6 175 121 15 54 
186 49 1 128 68 190 
32 110 35 52 156 
116 111 123 17 
26 10 119 
3 51 
4
56
22 2 30 
29 1 2 
9 2 17 
30 2 17 
12 9 17 
10 4 30 
26 5 15 
24 1 18 
29 1 15 
29 2 15 
7 1 14 
24 18 30 
7 1 24 
22 2 15 
26 1 15 
21 5 14 
9 1 2 
9 1 18 
11 7 14 
6 11 14 
28 7 11 
11 24 30 
19 11 28 
28 7 24 
23 9 12 
4 18 30 
10 17 30 
4 12 18 
16 4 10 
10 12 17 
16 10 12 
16 4 12 
22 5 15 
13 5 25 
25 22 30 
25 5 30 
19 24 28 
19 11 24 
6 11 30 
6 14 30 
27 12 23 
23 9 18 
20 18 27 
27 12 18 
8 20 23 
20 18 23 
8 20 27 
8 23 27 
21 5 30 
21 14 30 
3 5 26 
26 1 14 
3 14 26 
3 5 14 
13 22 25 
13 5 22 


166 -1 -1 -1 -1 178 -1 187 -1 -1 -1 -1 188 199 -1 -1 156 -1 -1 -1 -1 -1 198 -1 148 -1 -1 177 -1 
-1 -1 -1 -1 -1 -1 166 -1 -1 -1 -1 -1 160 -1 174 -1 -1 -1 -1 197 -1 -1 -1 -1 -1 -1 194 184 
-1 123 -1 -1 -1 -1 -1 -1 -1 -1 126 -1 -1 -1 -1 -1 -1 -1 -1 -1 -1 -1 186 -1 -1 -1 -1 
-1 -1 -1 -1 -1 178 -1 183 -1 -1 -1 181 -1 187 -1 -1 -1 -1 -1 -1 -1 -1 -1 -1 -1 164 
-1 -1 -1 -1 -1 -1 -1 157 131 161 -1 -1 -1 -1 -1 99 135 -1 -1 195 91 -1 -1 -1 196 
-1 -1 -1 -1 118 -1 -1 161 -1 -1 -1 -1 -1 -1 -1 -1 -1 -1 -1 -1 -1 -1 -1 174 
-1 -1 -1 143 -1 -1 139 -1 -1 -1 -1 -1 -1 -1 -1 -1 184 -1 -1 -1 187 -1 -1 
-1 -1 -1 -1 -1 -1 -1 -1 -1 -1 -1 194 -1 -1 133 -1 -1 -1 152 -1 -1 -1 
-1 -1 194 -1 -1 -1 -1 165 157 -1 -1 -1 -1 129 -1 -1 -1 -1 -1 -1 -1 
-1 164 -1 -1 -1 153 124 -1 -1 -1 -1 -1 -1 -1 -1 -1 -1 -1 -1 121 
-1 -1 150 -1 -1 -1 -1 178 -1 -1 -1 -1 181 -1 -1 -1 193 -1 168 
-1 -1 -1 193 175 121 -1 -1 -1 -1 160 -1 -1 -1 152 -1 -1 -1 
-1 -1 -1 -1 -1 -1 -1 -1 133 -1 -1 141 -1 -1 -1 -1 -1 
-1 -1 -1 -1 -1 -1 188 -1 -1 -1 -1 149 -1 -1 -1 196 
-1 -1 -1 -1 -1 -1 157 -1 -1 -1 158 -1 -1 184 -1 
-1 -1 -1 -1 -1 -1 -1 -1 -1 -1 -1 -1 -1 -1 
-1 -1 -1 -1 -1 -1 -1 -1 -1 -1 -1 -1 184 
-1 162 -1 -1 163 155 -1 -1 170 -1 -1 167 
-1 -1 -1 -1 127 -1 -1 -1 168 -1 -1 
-1 -1 127 -1 -1 -1 190 -1 -1 -1 
-1 -1 -1 -1 -1 -1 -1 -1 163 
-1 -1 177 -1 -1 -1 -1 108 
-1 -1 -1 175 -1 -1 -1 
-1 -1 -1 128 -1 190 
-1 -1 -1 -1 156 
-1 -1 -1 -1 
-1 -1 -1 
-1 -1 
-1 


13644 
