35
3 81 36 149 1 44 4 163 16 81 197 144 129 157 137 63 30 193 13 14 172 72 18 64 42 103 36 179 23 156 68 144 94 187 
135 159 133 188 155 93 184 102 107 83 82 48 129 101 108 33 170 80 142 129 164 175 68 143 170 2 87 159 110 187 8 78 166 
149 105 1 186 108 190 164 123 131 47 166 194 105 183 88 148 56 180 39 129 4 136 61 167 89 98 10 177 8 124 109 15 
160 26 114 120 15 24 58 147 33 199 79 43 121 121 26 194 52 126 123 67 168 1 28 140 199 138 198 110 76 39 19 
187 150 187 170 13 184 17 52 51 70 170 123 53 190 156 2 173 73 40 177 111 111 115 155 118 103 183 152 48 121 
107 40 185 20 180 89 81 169 105 95 37 5 159 40 32 172 20 73 140 175 162 88 46 166 0 84 70 189 46 
168 161 34 193 110 7 56 47 126 37 111 177 1 75 110 76 154 47 141 60 93 164 135 107 173 121 195 28 
59 47 155 155 77 136 185 19 175 160 190 184 183 88 130 146 87 26 77 119 121 72 128 58 64 1 150 
14 151 16 17 107 171 41 103 199 155 131 66 5 50 89 100 184 97 158 33 11 4 91 149 44 164 
136 83 68 105 32 145 20 75 171 166 42 18 4 54 76 53 39 111 198 16 87 160 25 189 97 
57 161 123 131 110 3 84 85 103 159 184 195 156 29 183 53 45 12 116 13 119 126 148 157 
78 14 124 65 123 173 69 52 117 42 58 118 53 16 16 149 127 160 158 154 144 67 95 
150 183 174 9 180 160 195 176 6 174 33 76 6 184 9 142 78 49 194 183 192 180 
24 59 87 155 119 28 9 27 137 26 165 63 77 119 174 197 167 34 135 166 68 
158 31 116 73 126 195 63 157 196 174 71 22 56 73 184 40 35 74 52 77 
47 14 182 5 142 48 193 126 175 151 15 34 142 60 163 92 182 188 91 
73 7 140 131 85 45 74 109 57 197 180 112 60 187 42 46 125 194 
83 35 11 65 117 11 138 94 95 18 183 167 197 32 12 83 127 
67 52 117 94 6 69 23 87 170 52 26 160 114 39 80 18 
93 48 11 13 86 143 94 78 77 124 19 41 130 85 75 
197 177 167 165 131 94 172 76 152 63 4 190 142 73 
69 94 22 45 85 5 157 25 52 140 49 154 1 
100 104 38 61 131 189 18 26 115 113 88 157 
197 141 77 120 173 92 139 170 158 49 170 
88 27 50 193 194 179 121 164 174 139 
117 6 66 106 62 193 69 85 147 
67 131 103 195 137 12 72 116 
48 101 110 111 165 154 133 
23 154 105 119 168 15 
20 175 95 73 87 
34 36 49 154 
113 25 110 
57 41 
71 
66
3 4 17 
25 4 5 
29 25 34 
19 5 16 
30 4 14 
18 25 29 
33 5 16 
16 25 34 
1 16 29 
10 16 29 
10 29 34 
10 16 34 
12 18 31 
35 8 17 
14 25 31 
14 4 31 
30 14 25 
30 4 25 
28 5 9 
8 19 31 
20 5 8 
20 4 5 
12 18 29 
18 25 31 
17 4 20 
17 8 20 
27 3 17 
3 4 31 
27 3 31 
27 17 31 
1 16 19 
1 19 31 
12 1 29 
12 1 31 
15 16 25 
33 5 25 
35 17 31 
35 8 31 
21 25 33 
24 15 21 
13 21 33 
13 16 33 
23 13 15 
15 13 21 
24 15 25 
24 21 25 
23 15 16 
23 13 16 
7 8 19 
9 7 19 
11 7 8 
11 5 8 
6 5 9 
9 7 11 
2 6 26 
22 5 6 
26 6 11 
26 9 11 
22 6 11 
22 5 11 
32 2 9 
2 6 9 
32 2 26 
32 9 26 
28 9 19 
28 5 19 


17028

-1 -1 -1 -1 -1 -1 -1 -1 -1 -1 197 -1 -1 -1 137 -1 -1 193 -1 -1 -1 -1 -1 -1 -1 -1 -1 179 -1 156 -1 -1 -1 -1 
-1 -1 -1 188 -1 -1 184 -1 -1 -1 -1 -1 -1 -1 -1 -1 -1 -1 -1 -1 -1 -1 -1 143 -1 -1 -1 -1 -1 187 -1 -1 -1 
149 -1 -1 -1 -1 -1 -1 -1 -1 -1 -1 -1 -1 183 -1 -1 -1 -1 -1 -1 -1 -1 -1 167 -1 -1 -1 177 -1 -1 -1 -1 
160 -1 -1 -1 -1 -1 -1 -1 -1 199 -1 -1 121 -1 -1 194 -1 -1 -1 -1 168 -1 -1 -1 -1 138 198 -1 -1 -1 -1 
187 -1 187 170 -1 184 -1 -1 -1 -1 170 -1 -1 190 156 -1 173 -1 -1 177 -1 -1 115 -1 -1 -1 -1 152 -1 -1 
-1 -1 185 -1 180 -1 -1 -1 -1 -1 -1 -1 -1 -1 -1 172 -1 -1 -1 175 -1 -1 -1 -1 -1 -1 -1 -1 -1 
168 161 -1 193 -1 -1 -1 -1 -1 -1 -1 177 -1 -1 -1 -1 -1 -1 -1 -1 -1 -1 -1 -1 -1 -1 -1 -1 
-1 -1 155 -1 -1 -1 -1 -1 175 -1 190 184 -1 -1 -1 -1 -1 -1 -1 -1 -1 -1 128 -1 -1 -1 150 
-1 151 -1 -1 -1 -1 -1 -1 -1 155 -1 -1 -1 -1 -1 -1 184 -1 158 -1 -1 -1 91 -1 -1 -1 
-1 -1 -1 -1 -1 145 -1 -1 -1 -1 -1 -1 -1 -1 -1 -1 -1 -1 198 -1 -1 -1 -1 189 -1 
-1 -1 -1 -1 -1 -1 -1 -1 -1 -1 184 -1 -1 -1 183 -1 -1 -1 -1 -1 -1 -1 -1 -1 
-1 -1 -1 -1 -1 173 -1 -1 -1 -1 -1 -1 -1 -1 -1 -1 127 -1 158 -1 -1 -1 -1 
-1 183 174 -1 -1 -1 -1 176 -1 174 -1 -1 -1 -1 -1 -1 -1 -1 -1 183 -1 -1 
-1 -1 -1 -1 -1 -1 -1 -1 -1 -1 165 -1 -1 -1 -1 197 167 -1 -1 -1 -1 
158 -1 -1 -1 -1 195 -1 157 196 174 -1 -1 -1 -1 -1 -1 -1 -1 -1 -1 
-1 -1 182 -1 -1 -1 193 -1 175 -1 -1 -1 142 -1 -1 -1 182 188 -1 
-1 -1 140 -1 -1 -1 -1 -1 -1 197 -1 -1 -1 187 -1 -1 -1 194 
-1 -1 -1 -1 -1 -1 138 -1 -1 -1 183 -1 197 -1 -1 -1 -1 
-1 -1 -1 -1 -1 -1 -1 -1 170 -1 -1 160 -1 -1 -1 -1 
-1 -1 -1 -1 -1 -1 -1 -1 -1 -1 -1 -1 -1 -1 -1 
-1 -1 167 165 -1 -1 -1 -1 -1 -1 -1 190 -1 -1 
-1 -1 -1 -1 -1 -1 -1 -1 -1 -1 -1 -1 -1 
-1 -1 -1 -1 -1 -1 -1 -1 -1 -1 -1 -1 
197 -1 -1 -1 -1 -1 -1 -1 -1 -1 -1 
-1 -1 -1 193 194 179 -1 164 174 -1 
-1 -1 -1 -1 -1 193 -1 -1 -1 
-1 -1 -1 195 -1 -1 -1 -1 
-1 -1 -1 -1 -1 -1 -1 
-1 -1 -1 -1 168 -1 
-1 -1 -1 -1 -1 
-1 -1 -1 154 
-1 -1 -1 
-1 -1 
-1 
