45
72 70 75 106 192 28 43 83 23 113 111 177 161 156 90 129 78 85 115 51 196 174 141 192 45 158 91 87 166 63 180 44 149 139 6 174 67 4 87 168 73 131 124 112 
4 133 25 138 91 20 21 171 12 181 15 62 151 199 7 127 67 145 96 98 23 111 0 150 165 62 174 130 5 189 149 18 6 32 13 89 75 48 120 184 81 70 189 
73 14 168 76 85 83 97 141 83 154 85 123 77 42 150 157 93 53 89 3 12 113 191 161 110 1 158 113 5 110 66 18 39 181 197 195 118 139 121 197 133 28 
124 25 22 108 15 126 39 189 162 175 71 112 174 128 17 59 132 193 71 143 43 65 11 156 48 28 115 36 4 117 21 133 166 74 71 67 89 162 140 116 184 
25 99 138 117 27 170 37 32 179 131 55 77 171 198 47 15 69 10 109 122 157 47 84 121 19 11 104 122 90 154 76 149 113 1 34 46 11 90 143 180 
65 50 109 176 58 183 26 33 136 152 62 53 111 181 134 171 175 48 120 78 25 184 162 111 78 144 19 14 1 25 18 75 57 16 73 38 109 32 18 
188 191 146 130 79 75 61 159 56 16 77 74 59 121 140 18 17 158 64 56 13 150 6 76 101 158 190 172 61 184 44 76 130 4 25 40 152 89 
172 125 105 67 78 40 60 78 133 90 139 152 62 129 90 111 98 87 112 54 12 182 173 162 15 82 113 89 56 189 179 107 122 167 99 69 60 
108 143 115 192 22 80 26 87 17 63 169 93 173 90 71 104 74 55 189 106 11 82 199 55 169 166 171 48 94 130 95 76 40 75 114 102 
142 90 68 48 34 133 42 177 83 193 103 60 28 0 136 50 10 133 145 129 181 67 18 7 14 2 114 158 101 144 27 138 26 109 136 
118 68 32 154 74 41 165 56 92 124 103 105 50 50 139 76 170 158 49 87 31 66 56 24 7 31 20 39 175 27 48 23 125 191 
176 22 178 194 94 193 99 71 14 14 177 36 42 151 49 6 144 129 158 61 46 89 198 177 138 147 108 39 19 184 79 65 183 
3 147 196 4 193 137 117 124 95 34 81 100 95 157 42 89 54 126 177 63 117 33 5 64 78 57 114 170 6 15 125 52 
84 21 178 158 86 143 123 115 136 27 124 12 113 177 118 29 133 94 40 22 123 5 140 12 139 13 23 97 158 171 23 
19 28 150 179 50 4 164 189 160 136 82 114 87 179 185 105 121 56 30 152 24 30 2 23 59 75 164 81 107 129 
37 26 90 181 1 76 102 72 97 89 153 125 57 186 108 112 117 137 59 73 54 142 84 86 26 69 107 112 123 
139 115 113 29 32 199 174 191 40 192 127 70 121 10 32 189 9 72 7 14 69 142 134 80 116 166 114 31 
110 38 37 71 10 176 139 118 82 149 19 57 3 79 136 180 50 146 174 154 96 2 130 57 91 159 176 
119 126 17 145 110 52 94 12 79 192 93 38 66 94 131 27 19 50 123 197 31 132 160 29 58 48 
58 109 60 42 43 114 93 90 0 120 53 99 15 152 73 172 109 64 63 184 34 196 61 29 189 
64 113 192 156 7 65 48 134 29 85 14 0 179 114 183 189 107 45 44 101 169 180 18 67 
9 122 27 63 94 43 90 74 186 53 58 120 121 17 135 178 161 67 179 134 31 143 180 
112 110 106 117 162 62 182 142 22 53 103 189 50 8 110 1 89 70 75 24 47 69 
0 83 39 167 154 196 173 32 124 173 137 72 163 3 103 196 32 49 46 73 15 
113 160 64 147 170 74 157 164 52 192 85 18 122 3 139 190 149 130 120 186 
183 48 110 121 47 192 67 135 71 128 24 61 90 159 75 144 52 84 60 
44 56 181 73 167 116 188 62 20 182 174 17 37 144 52 15 46 5 
126 13 87 27 81 138 170 21 134 87 199 15 10 108 178 97 144 
34 75 186 104 112 97 18 53 70 5 183 186 56 23 18 45 
185 92 51 151 31 126 52 194 71 155 21 179 84 75 35 
16 99 54 196 34 48 93 83 66 23 134 124 0 44 
123 46 83 44 78 77 2 112 96 23 69 112 109 
162 119 148 84 106 97 142 133 157 62 32 155 
85 43 99 176 98 120 76 153 65 94 80 
178 26 107 148 159 59 160 77 182 199 
99 159 95 132 84 141 132 23 55 
164 57 103 11 168 114 74 74 
149 118 113 183 133 10 161 
55 130 47 10 18 3 
136 122 138 128 80 
130 37 64 15 
132 3 55 
168 160 
123 
86
29 2 32 
15 2 29 
19 15 24 
22 1 41 
26 2 32 
13 9 32 
29 9 32 
31 12 30 
7 9 34 
33 24 40 
30 24 34 
37 3 27 
13 9 34 
13 27 34 
42 2 12 
15 24 30 
38 30 34 
38 27 34 
16 27 30 
16 2 27 
6 2 12 
12 16 30 
31 23 30 
23 15 30 
35 15 23 
45 12 35 
42 12 15 
42 2 15 
40 24 29 
7 9 29 
26 27 32 
26 2 27 
40 7 29 
33 24 34 
8 3 30 
3 27 30 
37 3 38 
37 27 38 
1 13 32 
1 27 32 
25 35 45 
36 4 12 
25 15 35 
18 12 15 
25 15 18 
25 18 45 
31 12 35 
31 23 35 
14 4 5 
4 12 45 
41 1 27 
41 13 27 
19 15 29 
21 19 24 
5 4 45 
11 5 18 
11 5 45 
11 18 45 
44 5 14 
17 4 14 
43 14 28 
28 14 18 
6 12 16 
10 2 20 
20 6 16 
20 2 16 
10 6 20 
10 2 6 
44 14 18 
44 5 18 
22 13 41 
22 1 13 
43 14 17 
28 4 18 
43 4 28 
43 4 17 
33 7 40 
33 7 34 
39 3 8 
8 30 38 
39 8 38 
39 3 38 
36 4 18 
36 12 18 
21 19 29 
21 24 29 

21669
-1 -1 -1 -1 -1 -1 -1 -1 -1 -1 -1 177 -1 -1 -1 -1 -1 -1 -1 -1 196 -1 -1 -1 -1 158 -1 -1 -1 -1 180 -1 -1 -1 -1 -1 -1 -1 -1 168 -1 -1 -1 -1 
-1 -1 -1 138 -1 -1 -1 171 -1 181 -1 -1 151 199 -1 -1 -1 145 -1 -1 -1 -1 -1 150 165 -1 174 -1 -1 189 -1 -1 -1 -1 -1 -1 -1 -1 -1 184 -1 -1 -1 
-1 -1 -1 -1 85 -1 -1 -1 -1 -1 -1 -1 -1 -1 -1 -1 -1 -1 -1 -1 -1 -1 -1 161 -1 -1 158 -1 -1 -1 -1 -1 -1 181 197 195 -1 -1 -1 -1 -1 -1 
124 -1 -1 -1 -1 -1 -1 189 -1 175 -1 -1 174 128 -1 -1 -1 -1 -1 -1 -1 -1 -1 156 -1 -1 -1 -1 -1 -1 -1 133 -1 -1 -1 -1 -1 -1 140 -1 184 
-1 -1 -1 -1 -1 170 -1 -1 179 -1 -1 -1 171 -1 -1 -1 -1 -1 -1 -1 -1 -1 -1 -1 -1 -1 -1 -1 -1 -1 -1 -1 -1 -1 -1 -1 -1 -1 143 180 
-1 -1 -1 176 -1 183 -1 -1 -1 152 -1 -1 -1 181 -1 -1 -1 -1 -1 -1 -1 -1 -1 -1 -1 -1 -1 -1 -1 -1 -1 -1 -1 -1 -1 -1 -1 -1 -1 
-1 191 -1 -1 -1 -1 -1 -1 -1 -1 -1 -1 -1 -1 -1 -1 -1 -1 -1 -1 -1 150 -1 -1 -1 158 190 -1 -1 -1 -1 -1 130 -1 -1 -1 -1 -1 
-1 -1 -1 -1 -1 -1 -1 -1 -1 -1 -1 -1 -1 -1 -1 -1 -1 -1 -1 -1 -1 182 -1 -1 -1 -1 -1 -1 -1 189 179 -1 -1 -1 -1 -1 -1 
-1 -1 -1 192 -1 -1 -1 -1 -1 -1 -1 -1 -1 -1 -1 -1 -1 -1 -1 106 -1 -1 199 -1 169 -1 -1 -1 -1 -1 -1 -1 -1 -1 -1 -1 
-1 -1 -1 -1 -1 -1 -1 -1 -1 193 -1 -1 -1 -1 -1 -1 -1 -1 -1 -1 -1 -1 -1 -1 -1 -1 -1 -1 -1 -1 -1 -1 -1 -1 -1 
-1 -1 -1 -1 -1 -1 165 -1 -1 -1 -1 -1 -1 -1 -1 -1 -1 -1 -1 -1 -1 -1 -1 -1 -1 -1 -1 -1 -1 -1 -1 -1 -1 191 
-1 -1 178 194 -1 193 -1 -1 -1 -1 -1 -1 -1 -1 -1 -1 -1 129 158 -1 -1 -1 198 177 -1 -1 -1 -1 -1 184 -1 -1 183 
-1 -1 -1 -1 -1 -1 -1 -1 95 -1 -1 -1 -1 157 -1 -1 -1 -1 177 -1 117 -1 -1 -1 -1 -1 -1 170 -1 -1 -1 -1 
-1 -1 178 158 -1 -1 -1 -1 -1 -1 -1 -1 -1 177 -1 -1 -1 -1 -1 -1 -1 -1 -1 -1 -1 -1 -1 -1 158 171 -1 
-1 -1 150 179 -1 -1 -1 189 160 136 -1 -1 -1 179 185 -1 -1 -1 -1 152 -1 -1 -1 -1 -1 -1 164 -1 -1 -1 
-1 -1 -1 181 -1 -1 -1 -1 -1 -1 153 -1 -1 186 -1 -1 -1 -1 -1 -1 -1 -1 -1 -1 -1 -1 -1 -1 -1 
-1 -1 -1 -1 -1 -1 -1 -1 -1 -1 -1 -1 -1 -1 -1 -1 -1 -1 -1 -1 -1 -1 -1 -1 -1 166 -1 -1 
-1 -1 -1 -1 -1 -1 139 -1 -1 149 -1 -1 -1 -1 -1 -1 -1 146 -1 -1 -1 -1 -1 -1 -1 159 176 
-1 126 -1 -1 110 -1 -1 -1 -1 192 -1 -1 -1 -1 -1 -1 -1 -1 -1 -1 -1 -1 -1 -1 -1 -1 
-1 -1 -1 -1 -1 -1 -1 -1 -1 -1 -1 -1 -1 -1 -1 -1 -1 -1 -1 -1 -1 -1 -1 -1 -1 
-1 -1 192 -1 -1 -1 -1 134 -1 -1 -1 -1 -1 -1 -1 -1 -1 -1 -1 -1 -1 -1 -1 -1 
-1 -1 -1 -1 -1 -1 -1 -1 -1 -1 -1 -1 -1 -1 -1 -1 -1 -1 179 -1 -1 -1 -1 
-1 -1 -1 -1 -1 -1 182 142 -1 -1 -1 189 -1 -1 -1 -1 -1 -1 -1 -1 -1 -1 
-1 -1 -1 -1 154 196 -1 -1 124 173 -1 -1 -1 -1 -1 196 -1 -1 -1 -1 -1 
-1 -1 -1 -1 -1 -1 -1 -1 -1 192 -1 -1 -1 -1 -1 -1 -1 -1 -1 186 
183 -1 -1 -1 -1 192 -1 -1 -1 -1 -1 -1 -1 -1 -1 -1 -1 -1 -1 
-1 -1 181 -1 167 -1 188 -1 -1 182 174 -1 -1 144 -1 -1 -1 -1 
-1 -1 -1 -1 -1 -1 -1 -1 -1 -1 -1 -1 -1 -1 178 -1 -1 
-1 -1 186 -1 -1 -1 -1 -1 -1 -1 183 -1 -1 -1 -1 -1 
185 -1 -1 151 -1 -1 -1 194 -1 -1 -1 -1 -1 -1 -1 
-1 -1 -1 196 -1 -1 -1 -1 -1 -1 -1 -1 -1 -1 
-1 -1 -1 -1 -1 -1 -1 -1 -1 -1 -1 -1 -1 
162 -1 -1 -1 -1 -1 142 -1 -1 -1 -1 -1 
-1 -1 -1 176 -1 -1 -1 -1 -1 -1 -1 
-1 -1 -1 -1 -1 -1 -1 -1 -1 199 
-1 -1 -1 -1 -1 -1 -1 -1 -1 
164 -1 -1 -1 -1 -1 -1 -1 
149 -1 -1 -1 -1 -1 -1 
-1 -1 -1 -1 -1 -1 
-1 -1 -1 -1 -1 
-1 -1 -1 -1 
-1 -1 -1 
-1 -1 
-1 
